22.81
24.49
22.64
23.15
23.79
24.74
22.71
24.16
22.99
22.06
25.9
22.54
24.07
24.51
22.19
25.77
24.9
24.07
24.35
23.08
22.16
22.19
22.18
23.53
25.25
24.68
24.62
23.98
23.32
22.43
25.47
24.57
25.98
22.3
23.53
23.62
25.82
25.32
25.82
23.73
22.17
22.22
24.17
22.69
25.27
22.16
24.69
25.99
25.09
23.04
24.18
24.28
25.41
24.9
24.18
24.2
23.61
23.17
25.85
24.07
24.46
22.59
24.52
23.34
22.15
25.87
25.46
23.11
25.68
25.41
23.66
23.91
22.27
24.81
25.9
25.95
24.99
22.93
23.89
25.02
22.2
23.93
25.36
23.71
24.7
24.19
23.47
24.58
22.95
23.24
25.82
23.38
23.91
22.62
24.21
25.63
22.44
24.98
24.62
25.26
